,"NDF","ADF","DM","ASH","N","FAT","Energy","CP"
"50B",517.4222,223.7925,941.5761,123.6413,24.9,74.81844,18.1,155.625
"47B",497.2666,277.4604,931.5119,119.4388,24.38,78.27386,18.58,152.375
"46B",510.0452,241.3004,962.8895,135.9397,24.57,83.9416,18.35,153.5625
"56B",474.9833,261.6926,938.8185,129.0756,22.7,69.04348,17.8,141.875
"52B",524.3014,233.4136,932.617,115.6438,25.33,79.34337,18.3,158.3125
"51B",517.0892,257.4845,931.8909,116.2747,23,80.45977,18.21,143.75
"45B",540.3356,207.7061,933.2043,120.4259,23.1,68.37313,18.01,144.375
"37B",513.2443,261.3364,962.8632,131.422,23.96,70.62544,18.16,149.75
"35B",543.9294,347.9846,939.3939,128.2713,23.15,81.29668,18.37,144.6875
"34B",497.5066,311.9666,962.4127,155.3607,25.18,80.90118,17.98,157.375
"42B",480.5844,201.3289,943.1116,149.9455,24.49,78.66168,18.08,153.0625
"41B",500.9571,199.3932,959.9611,140.5248,25.86,81.86929,18.29,161.625
"38B",479.6223,281.4393,939.0995,132.8227,26.26,75.13135,18.38,164.125
"77B",502.5002,264.0595,932.2344,120.4721,22.38,72.60155,17.94,139.875
"76B",493.344,249.8308,954.5701,130.6787,25.88,65.49435,18.25,161.75
"75B",515.2629,250.7856,937.3467,121.1549,24.23,73.23659,18.13,151.4375
"84B",524.7454,230.3218,958.7004,125.7342,24.79,61.4601,18.15,154.9375
"82B",466.3306,265.7601,961.0364,125,25.87,61.45351,18.21,161.6875
"79B",516.283,209.232,932.0912,131.6385,22.5,57.66151,17.91,140.625
"73B",527.8633,292.2581,962.0276,126.6352,21.58,77.37991,18.27,134.875
"67B",548.0665,299.8113,938.6862,108.9416,22.68,59.70653,18.2,141.75
"61B",484.0912,175.5983,954.175,139.2864,26.09,86.28054,18.25,163.0625
"57B",511.7625,259.9534,939.2541,108.7518,23.58,77.14726,18.34,147.375
"71B",514.3747,219.2772,954.8858,133.2834,23.45,77.63976,18.09,146.5625
"69B",475.7117,264.9136,956.6686,144.3053,26.52,77.22944,18.22,165.75
"68B",561.4335,278.5533,939.0439,101.8305,22.09,59.35374,18.29,138.0625
"29B",531.5173,190.9474,939.0604,125.8109,25.76,67.4492,18.15,161
"14B",524.9971,256.3468,927.2078,123.1044,25.83,87.5045,17.99,161.4375
"9B",490.3219,175.0995,939.6585,147.4583,25.33,93.47412,18.05,158.3125
"8B",498.2432,231.5081,960.6469,150.0449,25.53,87.2019,18,159.5625
"24B",556.004,260.4498,937.7282,119.7386,22.57,69.00726,18.11,141.0625
"7B",505.1039,292.57,939.0592,139.7829,23.8,81.87994,17.92,148.75
"12B",535.0577,230.2443,959.1656,136.8216,23.96,83.33334,18.11,149.75
"13B",518.9001,267.2539,931.1749,136.7253,23.6,99.02879,17.9,147.5
"17B",544.4383,258.4846,962.037,129.2593,22.85,89.73238,18.25,142.8125
"19B",534.9139,205.2566,931.6254,122.9682,23.87,92.78526,17.97,149.1875
"18B",544.2918,234.128,962.072,137.6646,23.85,87.88963,18.35,149.0625
"4B",495.1364,239.6499,952.7783,131.8035,25.8,85.23028,18.06,161.25
"3B",491.048,219.1785,936.6786,129.8288,26.21,83.26091,17.96,163.8125
"25B",505.6136,253.0516,954.5052,151.3542,26.07,82.99219,18.11,162.9375
"28B",490.4121,224.0558,936.4214,132.0618,26.28,74.90375,18.19,164.25
"74B",421.0827,269.0762,953.7593,164.0269,26.94,102.0549,17.93,168.375
"30B",431.4217,194.6602,956.187,166.2695,27.01,113.8141,18.23,168.8125
"83B",453.1914,254.8253,935.9714,145.7546,26.38,106.4557,17.9,164.875
"64B",443.1558,222.3285,934.7456,146.7751,24.68,95.58316,18.04,154.25
"63B",519.1335,233.887,938.6987,115.2536,22.95,82.34076,18.5,143.4375
"66B",461.8076,258.4869,957.9269,149.7418,26.61,99.30872,18.05,166.3125
"65B",469.6449,216.2372,951.5151,122.7273,26.47,113.977,18.94,165.4375
"5B",473.6986,247.2191,938.3378,147.4531,25.62,85.52301,17.98,160.125
"80B",439.7496,253.9496,941.8472,154.8841,27.77,116.8379,18.31,173.5625
"6B",488.88,262.4366,934.7787,140.8426,24.26,95.58085,18.05,151.625
"78B",501.1743,239.6249,960.835,133.7521,22.79,83.67698,18.41,142.4375
"81B",498.7388,289.4563,942.9664,132.8465,22.98,86.11392,18.04,143.625
"70B",465.7332,245.6618,936.6755,140.0302,25.92,77.1648,17.96,162
"11B",484.5821,216.0409,942.8041,154.3176,21.91,112.1624,18.05,136.9375
"72B",470.3526,266.7001,957.6255,128.4905,24.55,109.0613,18.89,153.4375
"10B",498.0767,219.2329,957.2084,140.3122,23.21,99.89892,18.35,145.0625
"40B",490.8943,238.1443,942.5676,142.6031,24.9,92.06126,18.41,155.625
"39B",502.1028,288.8724,965.6987,139.5823,22.46,92.91039,18.56,140.375
"23B",512.9454,270.1775,937.6997,132.5879,21.7,76.88284,17.99,135.625
"44B",492.9095,201.1217,944.2599,135.6589,24.61,94.23005,18.35,153.8125
"43B",443.6858,199.9284,937.906,156.859,24.88,109.3343,18.02,155.5
"26B",555.1785,259.2028,935.5416,110.1164,20.63,74.38745,18.33,128.9375
"32B",491.9124,240.9073,936.4985,130.7616,23.9,81.36095,18.37,149.375
"31B",450.3482,201.2491,937.2442,153.3814,24.42,107.7518,18.45,152.625
"33B",529.46,269.5743,958.455,130.4721,23.11,73.53694,18.37,144.4375
"36B",446.3574,300.7708,957.8313,155.4217,26.91,116.641,18.61,168.1875
"27B",499.3402,264.2257,953.3967,134.2534,25.29,92.16845,18.54,158.0625
"22B",506.2581,230.4199,940.9449,142.3228,23.69,89.29789,18.21,148.0625
"16B",492.926,257.1533,959.0496,158.1997,23.32,101.8065,18.11,145.75
"55B",529.318,250.6135,962.2539,132.7434,23.79,83.09113,17.94,148.6875
"15B",490.4164,255.4686,961.6951,143.2272,25.35,113.1425,18.46,158.4375
"59B",507.8769,163.6293,956.2452,132.421,21.33,100.1351,18.31,133.3125
"58B",408.5558,214.3147,933.6342,152.0963,27.32,109.5467,18.2,170.75
"54B",456.6843,220.4676,956.616,151.8438,27.01,97.85203,18.25,168.8125
"20B",549.7595,196.6319,957.2156,145.3311,25.63,98.43324,18.42,160.1875
"21B",492.058,189.1648,955.0871,152.5206,25.3,100.8897,18.32,158.125
"48B",503.268,254.153,940.793,144.6678,23.44,92.09081,18.05,146.5
"53B",494.0638,201.0287,959.5502,136.5863,24.76,91.08459,18.45,154.75
"49B",517.8337,211.7273,963.6656,125.6488,24.01,91.47141,18.44,150.0625
